Dataset,Algorithm,k,ef,IS_MB,NMCS,IT_s,Recall,Pruning
mnist,DAP_k10_th6504088.000,100,200,27.7736,1070.88,3.50965,0.9934,0.502867
mnist,DAP_k20_th8454487.000,100,200,27.7738,1072.41,3.23798,0.9929,0.499995
mnist,DAP_k50_th4232707.000,50,200,27.7681,1068.04,3.60507,0.9978,0.501236
mnist,DAP_k100_th5006636.000,100,200,27.7668,1069.28,3.68359,0.9945,0.504424
mnist,DAP_k10_th5695422.000,100,200,27.7722,1070.54,3.75685,0.9945,0.499421
mnist,DAP_k20_th3659168.000,100,200,27.7632,1068.67,3.78452,0.9931,0.501773
mnist,DAP_k50_th7065762.000,50,200,27.7671,1069.93,3.60019,0.998,0.5015
mnist,DAP_k100_th5802515.000,100,200,27.778,1072.17,3.71426,0.9936,0.500247
mnist,DAP_k10_th6109670.000,100,200,27.7567,1070.91,3.80767,0.9933,0.501023
mnist,DAP_k20_th8938001.000,100,200,27.7722,1069.39,3.86487,0.9934,0.501052
mnist,DAP_k50_th3452162.000,50,200,27.7728,1070.51,3.7979,0.9984,0.498996
mnist,DAP_k100_th7023451.000,100,200,27.7777,1071.93,4.00049,0.9941,0.501171
mnist,DAP_k10_th3964603.000,100,200,27.7711,1071.62,3.79259,0.9931,0.498414
mnist,DAP_k20_th3805435.000,100,200,27.7854,1068.39,3.7958,0.9937,0.505995
mnist,DAP_k50_th6776736.000,50,200,27.7769,1070.82,3.77287,0.998,0.498674
mnist,DAP_k100_th5849197.000,100,200,27.7712,1071.72,3.89452,0.9937,0.501745
mnist,DAP_k10_th6731259.000,100,200,27.7741,1066.57,3.99234,0.9928,0.505199
mnist,DAP_k20_th4370471.000,100,200,27.7682,1070.86,4.172,0.9936,0.504053
mnist,DAP_k50_th7768297.000,50,200,27.7653,1070.51,4.37716,0.998,0.503171
mnist,DAP_k100_th6261503.000,100,200,27.7742,1070.09,4.40339,0.9934,0.500565
mnist,DAP_k10_th7109014.000,100,200,27.7676,1069.67,4.8699,0.9939,0.503352
mnist,DAP_k20_th6186639.000,100,200,27.7787,1071.64,4.51586,0.9936,0.50084
mnist,DAP_k50_th7676351.000,50,200,27.7732,1069.98,4.50307,0.9982,0.50328
mnist,DAP_k100_th6544799.000,100,200,27.7855,1070.46,4.56684,0.9925,0.501504
mnist,DAP_k10_th4605986.000,100,200,27.774,1068.25,4.58477,0.9942,0.505266
mnist,DAP_k20_th760802.000,100,200,27.7731,1070.38,4.60248,0.9931,0.502065
mnist,DAP_k50_th958392.000,50,200,27.7726,1071.4,4.58921,0.9988,0.497107
mnist,DAP_k100_th6253923.000,100,200,27.7683,1068.31,4.61083,0.994,0.504339
mnist,DAP_k10_th2440167.000,100,200,27.7753,1071.8,4.55953,0.9931,0.503545
mnist,DAP_k20_th7331968.000,100,200,27.7776,1071.34,4.79494,0.9934,0.501568
mnist,DAP_k50_th1520193.000,50,200,27.7663,1067.56,4.59469,0.9984,0.505424
mnist,DAP_k100_th4085466.000,100,200,27.775,1069.89,4.63881,0.9933,0.501108
mnist,DAP_k10_th5624817.000,100,200,27.7696,1069.45,4.16081,0.9939,0.505063
mnist,DAP_k20_th4896648.000,100,200,27.771,1070.45,4.07657,0.9934,0.500892
mnist,DAP_k50_th6872978.000,50,200,27.7727,1069.66,4.31785,0.9984,0.502515
mnist,DAP_k100_th5995544.000,100,200,27.7718,1071.62,4.52017,0.9935,0.501409
mnist,DAP_k10_th5354566.000,100,200,27.7792,1070.05,4.4312,0.9942,0.503014
mnist,DAP_k20_th912074.000,100,200,27.7707,1071.17,4.40742,0.9937,0.499295
mnist,DAP_k50_th739537.000,50,200,27.7723,1072.33,4.43235,0.9982,0.501609
mnist,DAP_k100_th7327416.000,100,200,27.7742,1066.88,4.46823,0.994,0.505474
mnist,DAP_k10_th2684042.000,100,200,27.7693,1069.9,4.32399,0.9952,0.501552
mnist,DAP_k20_th7152211.000,100,200,27.768,1069.06,4.3588,0.9933,0.502395
mnist,DAP_k50_th4734038.000,50,200,27.7813,1069.81,4.31076,0.9982,0.504164
mnist,DAP_k100_th6159484.000,100,200,27.7793,1074.47,4.56434,0.9942,0.500814
mnist,DAP_k10_th5949958.000,100,200,27.7651,1070.61,4.54641,0.9938,0.500584
mnist,DAP_k20_th7130265.000,100,200,27.7729,1071.36,4.67796,0.9931,0.501027
mnist,DAP_k50_th2734144.000,50,200,27.7715,1070.62,4.47242,0.9976,0.499094
mnist,DAP_k100_th10176039.000,100,200,27.7647,1069.83,4.70362,0.9934,0.498434
mnist,DAP_k10_th8240277.000,100,200,27.7724,1067.57,3.85844,0.9935,0.503096
mnist,DAP_k20_th6159484.000,100,200,27.7619,1070.15,4.1439,0.9935,0.499715
mnist,DAP_k50_th6227207.000,50,200,27.7651,1064.68,4.19516,0.9982,0.505401
mnist,DAP_k100_th4860312.000,100,200,27.7672,1072,4.30811,0.993,0.498535
mnist,DAP_k10_th5368054.000,100,200,27.7679,1069.9,4.43855,0.9933,0.502056
mnist,DAP_k20_th9417109.000,100,200,27.7628,1069.48,4.36064,0.9929,0.502899
mnist,DAP_k50_th5916389.000,50,200,27.7691,1070.16,4.51258,0.998,0.502766
mnist,DAP_k100_th6757492.000,100,200,27.7704,1071.21,4.59812,0.9951,0.50232
mnist,DAP_k10_th6432588.000,100,200,27.7707,1070.66,4.42079,0.9948,0.501476
mnist,DAP_k20_th7174309.000,100,200,27.7824,1070.96,4.43241,0.9938,0.501214
mnist,DAP_k50_th7131976.000,50,200,27.7791,1064.96,4.39897,0.9984,0.505465
mnist,DAP_k100_th4428672.000,100,200,27.7758,1069.92,4.52305,0.9943,0.500262
mnist,DAP_k10_th5917159.000,100,200,27.7849,1068.74,4.54566,0.9932,0.506185
mnist,DAP_k20_th5922849.000,100,200,27.7755,1067.98,4.49107,0.9935,0.504045
mnist,DAP_k50_th5680176.000,50,200,27.7624,1070.5,4.59459,0.9984,0.499654
mnist,DAP_k100_th750530.000,100,200,27.7803,1069.63,4.52033,0.9935,0.500949
